67.66666666666667
53.666666666666664
40.0
70.33333333333333
66.33333333333333
84.33333333333333
62.333333333333336
54.666666666666664
51.0
79.66666666666667
67.66666666666667
78.33333333333333
92.0
61.666666666666664
75.0
54.666666666666664
67.33333333333333
50.0
43.0
49.0
72.0
89.33333333333333
54.333333333333336
87.33333333333333
61.333333333333336
62.666666666666664
78.33333333333333
77.33333333333333
66.66666666666667
56.0
74.0
64.0
71.66666666666667
57.333333333333336
77.66666666666667
61.666666666666664
75.66666666666667
63.666666666666664
57.0
63.666666666666664
70.33333333333333
68.0
59.0
74.0
80.66666666666667
49.0
82.66666666666667
76.33333333333333
52.666666666666664
69.66666666666667
56.0
67.66666666666667
60.333333333333336
47.666666666666664
58.666666666666664
68.33333333333333
68.0
74.0
63.666666666666664
72.66666666666667
65.0
52.0
61.333333333333336
79.33333333333333
59.0
72.33333333333333
71.66666666666667
37.333333333333336
69.66666666666667
72.66666666666667
84.0
59.0
50.666666666666664
71.66666666666667
58.333333333333336
70.66666666666667
56.666666666666664
48.333333333333336
47.333333333333336
51.333333333333336
63.666666666666664
61.0
54.0
51.666666666666664
44.666666666666664
76.66666666666667
69.0
29.666666666666668
60.333333333333336
52.666666666666664
70.66666666666667
39.333333333333336
37.333333333333336
62.0
67.0
50.333333333333336
63.333333333333336
63.333333333333336
58.666666666666664
71.0
68.0
54.333333333333336
67.66666666666667
78.0
73.33333333333333
61.0
71.0
85.0
48.333333333333336
54.333333333333336
56.333333333333336
42.333333333333336
79.33333333333333
49.0
74.0
54.333333333333336
63.0
55.0
53.333333333333336
67.33333333333333
64.0
48.666666666666664
58.0
65.66666666666667
75.33333333333333
66.33333333333333
77.0
62.666666666666664
70.66666666666667
48.666666666666664
65.98461538461538 62.84615384615385 61.238461538461536
